0
0
0.118592
-1
0.203387
-1
0.245161
302.644308
302.644308
302.644308
-1
471.990298
471.990298
-1
471.990298
-1
471.990298
-1
471.990298
471.990298
-1
471.990298
-1
471.990298
471.990298
-1
-1
-1
-1
-1
885.059122
927.934341
-1
970.46706
1017.275473
-1
1059.472065
1102.317135
1146.456105
-1
1197.975328
1254.913214
-1
1315.731759
1369.213204
-1
1417.955821
1466.269322
-1
1517.154086
1556.932867
1599.051469
-1
-1
1695.537328
-1
-1
-1
1844.545905
-1
1888.841709
-1
-1
2015.412307
-1
-1
-1
2207.13242
-1
2258.774683
2313.113118
2359.924831
-1
2411.21174
2461.725028
2516.627597
-1
2573.137147
-1
2641.354802
2695.891315
-1
2758.744408
2814.32066
-1
2883.329287
2937.786526
2991.650835
-1
3054.404963
